{
 "cells": [
  {
   "cell_type": "code",
   "execution_count": 8,
   "metadata": {},
   "outputs": [],
   "source": [
    "import pandas as pd\n",
    "import numpy as np\n",
    "import random\n",
    "import os\n",
    "from sklearn.linear_model import LogisticRegression\n",
    "\n",
    "import warnings\n",
    "warnings.filterwarnings(\"ignore\")\n",
    "\n",
    "def seed_everything(seed):\n",
    "    random.seed(seed)\n",
    "    os.environ['PYTHONHASHSEED'] = str(seed)\n",
    "    np.random.seed(seed)\n",
    "\n",
    "seed_everything(42)"
   ]
  },
  {
   "cell_type": "code",
   "execution_count": 37,
   "metadata": {},
   "outputs": [],
   "source": [
    "train = pd.read_csv('/home/workspace/DACON/soccer/Data/train.csv')\n",
    "test = pd.read_csv('/home/workspace/DACON/soccer/Data/test.csv')\n",
    "\n",
    "train['year'] = train['date'].apply(lambda x : int(x[0:4]))\n",
    "train['month'] = train['date'].apply(lambda x : int(x[5:7]))\n",
    "train['day'] = train['date'].apply(lambda x : int(x[8:10]))\n",
    "train.drop(columns=['date'], inplace=True)\n",
    "\n",
    "test['year'] = test['date'].apply(lambda x : int(x[0:4]))\n",
    "test['month'] = test['date'].apply(lambda x : int(x[5:7]))\n",
    "test['day'] = test['date'].apply(lambda x : int(x[8:10]))\n",
    "test.drop(columns=['date'], inplace=True)"
   ]
  },
  {
   "cell_type": "code",
   "execution_count": 45,
   "metadata": {},
   "outputs": [
    {
     "data": {
      "text/plain": [
       "{'Luton': 0,\n",
       " 'Coventry': 1,\n",
       " 'Bradford': 2,\n",
       " 'Blackpool': 3,\n",
       " 'Huddersfield': 4,\n",
       " 'Middlesboro': 5,\n",
       " 'Cardiff': 6,\n",
       " \"Nott'm Forest\": 7,\n",
       " 'Derby': 8,\n",
       " 'QPR': 9,\n",
       " 'Ipswich': 10,\n",
       " 'Brentford': 11,\n",
       " 'Reading': 12,\n",
       " 'Sheffield United': 13,\n",
       " 'Hull': 14,\n",
       " 'Watford': 15,\n",
       " 'Norwich': 16,\n",
       " 'Bournemouth': 17,\n",
       " 'Brighton': 18,\n",
       " 'Wigan': 19,\n",
       " 'Leeds': 20,\n",
       " 'Birmingham': 21,\n",
       " 'Swansea': 22,\n",
       " 'Burnley': 23,\n",
       " 'Charlton': 24,\n",
       " 'Portsmouth': 25,\n",
       " 'Middlesbrough': 26,\n",
       " 'Wolves': 27,\n",
       " 'Crystal Palace': 28,\n",
       " 'West Brom': 29,\n",
       " 'Sunderland': 30,\n",
       " 'Bolton': 31,\n",
       " 'Stoke': 32,\n",
       " 'Blackburn': 33,\n",
       " 'Leicester': 34,\n",
       " 'Southampton': 35,\n",
       " 'Fulham': 36,\n",
       " 'Aston Villa': 37,\n",
       " 'West Ham': 38,\n",
       " 'Newcastle': 39,\n",
       " 'Everton': 40,\n",
       " 'Tottenham': 41,\n",
       " 'Man City': 42,\n",
       " 'Chelsea': 43,\n",
       " 'Liverpool': 44,\n",
       " 'Arsenal': 45,\n",
       " 'Man United': 46}"
      ]
     },
     "execution_count": 45,
     "metadata": {},
     "output_type": "execute_result"
    }
   ],
   "source": [
    "train['home_win'] = train['result'].apply(lambda x: 1 if x=='H' else 0) \n",
    "dic = {}\n",
    "for team in train['homeTeam'].unique():\n",
    "    value = train[train['homeTeam'] == team]['home_win'].sum()\n",
    "    dic[team] = value\n",
    "\n",
    "label_dic={}\n",
    "for idx, (team, _) in enumerate(sorted(dic.items(), key= lambda x: x[1])):\n",
    "    label_dic[team] = idx\n",
    "\n"
   ]
  },
  {
   "cell_type": "code",
   "execution_count": 11,
   "metadata": {},
   "outputs": [],
   "source": [
    "# 빠진 것 matchID season date result goals(homeTeam) goals(awayTeam) homeTeam awayTeam\t\n",
    "stats_columns = [\n",
    "'halfTimeGoals(homeTeam)',\n",
    "'halfTimeGoals(awayTeam)',\n",
    "'shots(homeTeam)',\n",
    "'shots(awayTeam)',\n",
    "'shotsOnTarget(homeTeam)',\n",
    "'shotsOnTarget(awayTeam)',\n",
    "'corners(homeTeam)',\n",
    "'corners(awayTeam)',\n",
    "'fouls(homeTeam)',\n",
    "'fouls(awayTeam)',\n",
    "'yellowCards(homeTeam)',\n",
    "'yellowCards(awayTeam)',\n",
    "'redCards(homeTeam)',\n",
    "'redCards(awayTeam)'\n",
    "]\n",
    "\n",
    "train['match'] = train['homeTeam'] + '-' + train['awayTeam']\n",
    "pair_stats = train.groupby('match')[stats_columns].mean().reset_index() # match mean\n",
    "\n",
    "# test_with_stats\n",
    "test['match'] = test['homeTeam'] + '-' + test['awayTeam']\n",
    "test_with_stats = test.merge(pair_stats, on='match', how='left')\n",
    "test_with_stats.fillna(pair_stats[stats_columns].mean(), inplace=True) # pair_stats mean"
   ]
  },
  {
   "cell_type": "code",
   "execution_count": 13,
   "metadata": {},
   "outputs": [],
   "source": [
    "train_x = train.drop(columns=['matchID', 'goals(homeTeam)', 'goals(awayTeam)', 'result'])\n",
    "train_y = train['result']\n",
    "\n",
    "test_x = test_with_stats.drop(columns=['matchID'])\n",
    "test_x = test_x[train_x.columns]"
   ]
  },
  {
   "cell_type": "code",
   "execution_count": 14,
   "metadata": {},
   "outputs": [],
   "source": [
    "from sklearn.preprocessing import LabelEncoder\n",
    "\n",
    "encoding_target = list(train_x.dtypes[train_x.dtypes == \"object\"].index)\n",
    "\n",
    "for i in encoding_target:\n",
    "    le = LabelEncoder()\n",
    "    le.fit(train_x[i])\n",
    "    train_x[i] = le.transform(train_x[i])\n",
    "    \n",
    "    # test 데이터의 새로운 카테고리에 대해 le.classes_ 배열에 추가\n",
    "    for case in np.unique(test_x[i]):\n",
    "        if case not in le.classes_: \n",
    "            le.classes_ = np.append(le.classes_, case)\n",
    "    \n",
    "    test_x[i] = le.transform(test_x[i])"
   ]
  },
  {
   "cell_type": "code",
   "execution_count": 15,
   "metadata": {},
   "outputs": [],
   "source": [
    "model = LogisticRegression(max_iter=100,\n",
    "                           penalty='l2',\n",
    "                           C=1.0)"
   ]
  },
  {
   "cell_type": "code",
   "execution_count": 16,
   "metadata": {},
   "outputs": [
    {
     "data": {
      "text/plain": [
       "array(['A', 'D', 'H'], dtype=object)"
      ]
     },
     "metadata": {},
     "output_type": "display_data"
    },
    {
     "data": {
      "text/plain": [
       "array([[0.17876405, 0.21354052, 0.60769543],\n",
       "       [0.20650164, 0.28984317, 0.5036552 ],\n",
       "       [0.28672953, 0.2537285 , 0.45954197],\n",
       "       [0.25356692, 0.24503775, 0.50139532],\n",
       "       [0.09457494, 0.16074348, 0.74468158],\n",
       "       [0.31671117, 0.29634308, 0.38694575],\n",
       "       [0.07449231, 0.1887201 , 0.7367876 ],\n",
       "       [0.19793407, 0.20595047, 0.59611546],\n",
       "       [0.23228718, 0.2504719 , 0.51724092],\n",
       "       [0.16771984, 0.24178462, 0.59049553],\n",
       "       [0.2944594 , 0.26034664, 0.44519396],\n",
       "       [0.27203637, 0.22763796, 0.50032567],\n",
       "       [0.2865389 , 0.26829049, 0.44517061],\n",
       "       [0.22549584, 0.2715879 , 0.50291625],\n",
       "       [0.36661582, 0.23357632, 0.39980786],\n",
       "       [0.2384537 , 0.28719604, 0.47435026],\n",
       "       [0.24900712, 0.26091305, 0.49007983],\n",
       "       [0.12118734, 0.19087634, 0.68793632],\n",
       "       [0.3310222 , 0.296161  , 0.3728168 ],\n",
       "       [0.29613095, 0.25528917, 0.44857988],\n",
       "       [0.31860418, 0.2763683 , 0.40502751],\n",
       "       [0.22855246, 0.33048752, 0.44096002],\n",
       "       [0.26075591, 0.26625842, 0.47298567],\n",
       "       [0.2309849 , 0.23459496, 0.53442015],\n",
       "       [0.33039892, 0.25008804, 0.41951304],\n",
       "       [0.2379247 , 0.23038433, 0.53169097],\n",
       "       [0.45257603, 0.24017196, 0.30725202],\n",
       "       [0.28865147, 0.26863873, 0.4427098 ],\n",
       "       [0.23109852, 0.27688872, 0.49201276],\n",
       "       [0.30960759, 0.26416949, 0.42622292],\n",
       "       [0.27909528, 0.24865525, 0.47224947],\n",
       "       [0.43217954, 0.26103772, 0.30678274],\n",
       "       [0.1909524 , 0.19487631, 0.61417128],\n",
       "       [0.15992494, 0.22761088, 0.61246417],\n",
       "       [0.23361451, 0.25587767, 0.51050782],\n",
       "       [0.51757362, 0.26171479, 0.22071159],\n",
       "       [0.15164611, 0.19224812, 0.65610577],\n",
       "       [0.31003894, 0.23080417, 0.45915689],\n",
       "       [0.29968246, 0.26986621, 0.43045133],\n",
       "       [0.21222178, 0.23356086, 0.55421735],\n",
       "       [0.20940078, 0.23081067, 0.55978855],\n",
       "       [0.33746986, 0.234032  , 0.42849815],\n",
       "       [0.29676667, 0.26747004, 0.43576329],\n",
       "       [0.43395534, 0.24601909, 0.32002557],\n",
       "       [0.21742988, 0.23593271, 0.5466374 ],\n",
       "       [0.27811529, 0.27005187, 0.45183284],\n",
       "       [0.27812698, 0.2715049 , 0.45036812],\n",
       "       [0.13557707, 0.24374871, 0.62067422],\n",
       "       [0.29275365, 0.257567  , 0.44967934],\n",
       "       [0.29831461, 0.249496  , 0.45218938],\n",
       "       [0.36006876, 0.27430607, 0.36562517],\n",
       "       [0.27174733, 0.24276361, 0.48548906],\n",
       "       [0.15616827, 0.20655737, 0.63727436],\n",
       "       [0.14647319, 0.20425674, 0.64927007],\n",
       "       [0.15866879, 0.21764538, 0.62368583],\n",
       "       [0.33182612, 0.24912385, 0.41905003],\n",
       "       [0.26829541, 0.24073984, 0.49096475],\n",
       "       [0.40487758, 0.24205601, 0.35306641],\n",
       "       [0.22490756, 0.24074117, 0.53435127],\n",
       "       [0.24966981, 0.2524241 , 0.49790609],\n",
       "       [0.27109122, 0.30006466, 0.42884413],\n",
       "       [0.42840645, 0.27172171, 0.29987185],\n",
       "       [0.3305077 , 0.28666263, 0.38282967],\n",
       "       [0.31574199, 0.26773216, 0.41652585],\n",
       "       [0.41890601, 0.2948792 , 0.28621479],\n",
       "       [0.29018692, 0.28743742, 0.42237566],\n",
       "       [0.17268617, 0.25557952, 0.57173431],\n",
       "       [0.49381831, 0.26715406, 0.23902763],\n",
       "       [0.47981804, 0.25956775, 0.26061421],\n",
       "       [0.34487573, 0.27690296, 0.3782213 ],\n",
       "       [0.26373608, 0.28575507, 0.45050885],\n",
       "       [0.31364242, 0.27223434, 0.41412324],\n",
       "       [0.13631313, 0.19637472, 0.66731216],\n",
       "       [0.42255474, 0.25563704, 0.32180822],\n",
       "       [0.44418765, 0.27541361, 0.28039874],\n",
       "       [0.39342142, 0.27063859, 0.33593999],\n",
       "       [0.34397106, 0.25381248, 0.40221646],\n",
       "       [0.75428241, 0.1737109 , 0.07200669],\n",
       "       [0.10139314, 0.20107   , 0.69753686],\n",
       "       [0.11530996, 0.19959812, 0.68509191],\n",
       "       [0.2252342 , 0.24447376, 0.53029204],\n",
       "       [0.35972854, 0.27417745, 0.36609401],\n",
       "       [0.17235138, 0.20814259, 0.61950603],\n",
       "       [0.26686191, 0.25116163, 0.48197646],\n",
       "       [0.29026996, 0.23896017, 0.47076988],\n",
       "       [0.2530679 , 0.26282643, 0.48410567],\n",
       "       [0.21405636, 0.24456384, 0.5413798 ],\n",
       "       [0.19282776, 0.24572226, 0.56144998]])"
      ]
     },
     "metadata": {},
     "output_type": "display_data"
    }
   ],
   "source": [
    "model.fit(train_x, train_y) \n",
    "prediction = model.predict_proba(test_x)\n",
    "\n",
    "display(model.classes_)\n",
    "display(prediction)"
   ]
  },
  {
   "cell_type": "code",
   "execution_count": 17,
   "metadata": {},
   "outputs": [],
   "source": [
    "sample_submission = pd.read_csv('/home/workspace/DACON/soccer/Data/sample_submission.csv')\n",
    "sample_submission\n",
    "\n",
    "sample_submission.iloc[:,1:] = prediction\n",
    "sample_submission\n",
    "\n",
    "sample_submission.to_csv('baseline_submission.csv', index=False)"
   ]
  },
  {
   "cell_type": "code",
   "execution_count": 18,
   "metadata": {},
   "outputs": [
    {
     "data": {
      "text/html": [
       "<div>\n",
       "<style scoped>\n",
       "    .dataframe tbody tr th:only-of-type {\n",
       "        vertical-align: middle;\n",
       "    }\n",
       "\n",
       "    .dataframe tbody tr th {\n",
       "        vertical-align: top;\n",
       "    }\n",
       "\n",
       "    .dataframe thead th {\n",
       "        text-align: right;\n",
       "    }\n",
       "</style>\n",
       "<table border=\"1\" class=\"dataframe\">\n",
       "  <thead>\n",
       "    <tr style=\"text-align: right;\">\n",
       "      <th></th>\n",
       "      <th>season</th>\n",
       "      <th>homeTeam</th>\n",
       "      <th>awayTeam</th>\n",
       "      <th>halfTimeGoals(homeTeam)</th>\n",
       "      <th>halfTimeGoals(awayTeam)</th>\n",
       "      <th>shots(homeTeam)</th>\n",
       "      <th>shots(awayTeam)</th>\n",
       "      <th>shotsOnTarget(homeTeam)</th>\n",
       "      <th>shotsOnTarget(awayTeam)</th>\n",
       "      <th>corners(homeTeam)</th>\n",
       "      <th>...</th>\n",
       "      <th>fouls(homeTeam)</th>\n",
       "      <th>fouls(awayTeam)</th>\n",
       "      <th>yellowCards(homeTeam)</th>\n",
       "      <th>yellowCards(awayTeam)</th>\n",
       "      <th>redCards(homeTeam)</th>\n",
       "      <th>redCards(awayTeam)</th>\n",
       "      <th>year</th>\n",
       "      <th>month</th>\n",
       "      <th>day</th>\n",
       "      <th>match</th>\n",
       "    </tr>\n",
       "  </thead>\n",
       "  <tbody>\n",
       "    <tr>\n",
       "      <th>0</th>\n",
       "      <td>202324</td>\n",
       "      <td>27</td>\n",
       "      <td>17</td>\n",
       "      <td>0.826087</td>\n",
       "      <td>0.260870</td>\n",
       "      <td>16.956522</td>\n",
       "      <td>9.000000</td>\n",
       "      <td>7.826087</td>\n",
       "      <td>3.826087</td>\n",
       "      <td>7.217391</td>\n",
       "      <td>...</td>\n",
       "      <td>11.130435</td>\n",
       "      <td>11.217391</td>\n",
       "      <td>1.086957</td>\n",
       "      <td>1.565217</td>\n",
       "      <td>0.000000</td>\n",
       "      <td>0.086957</td>\n",
       "      <td>2024</td>\n",
       "      <td>3</td>\n",
       "      <td>9</td>\n",
       "      <td>905</td>\n",
       "    </tr>\n",
       "    <tr>\n",
       "      <th>1</th>\n",
       "      <td>202324</td>\n",
       "      <td>6</td>\n",
       "      <td>36</td>\n",
       "      <td>0.000000</td>\n",
       "      <td>0.000000</td>\n",
       "      <td>13.000000</td>\n",
       "      <td>8.000000</td>\n",
       "      <td>3.000000</td>\n",
       "      <td>3.000000</td>\n",
       "      <td>3.000000</td>\n",
       "      <td>...</td>\n",
       "      <td>10.000000</td>\n",
       "      <td>19.000000</td>\n",
       "      <td>2.000000</td>\n",
       "      <td>1.000000</td>\n",
       "      <td>0.000000</td>\n",
       "      <td>0.000000</td>\n",
       "      <td>2024</td>\n",
       "      <td>3</td>\n",
       "      <td>9</td>\n",
       "      <td>236</td>\n",
       "    </tr>\n",
       "    <tr>\n",
       "      <th>2</th>\n",
       "      <td>202324</td>\n",
       "      <td>15</td>\n",
       "      <td>25</td>\n",
       "      <td>0.671383</td>\n",
       "      <td>0.506653</td>\n",
       "      <td>13.615100</td>\n",
       "      <td>10.719988</td>\n",
       "      <td>5.996081</td>\n",
       "      <td>4.681511</td>\n",
       "      <td>6.105278</td>\n",
       "      <td>...</td>\n",
       "      <td>11.370943</td>\n",
       "      <td>11.912635</td>\n",
       "      <td>1.410986</td>\n",
       "      <td>1.746479</td>\n",
       "      <td>0.059338</td>\n",
       "      <td>0.084363</td>\n",
       "      <td>2024</td>\n",
       "      <td>3</td>\n",
       "      <td>9</td>\n",
       "      <td>1602</td>\n",
       "    </tr>\n",
       "    <tr>\n",
       "      <th>3</th>\n",
       "      <td>202324</td>\n",
       "      <td>46</td>\n",
       "      <td>18</td>\n",
       "      <td>0.714286</td>\n",
       "      <td>0.000000</td>\n",
       "      <td>13.285714</td>\n",
       "      <td>8.571429</td>\n",
       "      <td>5.142857</td>\n",
       "      <td>3.142857</td>\n",
       "      <td>5.571429</td>\n",
       "      <td>...</td>\n",
       "      <td>11.571429</td>\n",
       "      <td>13.000000</td>\n",
       "      <td>1.571429</td>\n",
       "      <td>1.714286</td>\n",
       "      <td>0.000000</td>\n",
       "      <td>0.000000</td>\n",
       "      <td>2024</td>\n",
       "      <td>3</td>\n",
       "      <td>9</td>\n",
       "      <td>1575</td>\n",
       "    </tr>\n",
       "    <tr>\n",
       "      <th>4</th>\n",
       "      <td>202324</td>\n",
       "      <td>0</td>\n",
       "      <td>8</td>\n",
       "      <td>0.000000</td>\n",
       "      <td>0.000000</td>\n",
       "      <td>23.500000</td>\n",
       "      <td>7.500000</td>\n",
       "      <td>7.500000</td>\n",
       "      <td>2.000000</td>\n",
       "      <td>10.500000</td>\n",
       "      <td>...</td>\n",
       "      <td>9.500000</td>\n",
       "      <td>7.000000</td>\n",
       "      <td>0.500000</td>\n",
       "      <td>1.500000</td>\n",
       "      <td>0.000000</td>\n",
       "      <td>0.000000</td>\n",
       "      <td>2024</td>\n",
       "      <td>3</td>\n",
       "      <td>9</td>\n",
       "      <td>7</td>\n",
       "    </tr>\n",
       "    <tr>\n",
       "      <th>...</th>\n",
       "      <td>...</td>\n",
       "      <td>...</td>\n",
       "      <td>...</td>\n",
       "      <td>...</td>\n",
       "      <td>...</td>\n",
       "      <td>...</td>\n",
       "      <td>...</td>\n",
       "      <td>...</td>\n",
       "      <td>...</td>\n",
       "      <td>...</td>\n",
       "      <td>...</td>\n",
       "      <td>...</td>\n",
       "      <td>...</td>\n",
       "      <td>...</td>\n",
       "      <td>...</td>\n",
       "      <td>...</td>\n",
       "      <td>...</td>\n",
       "      <td>...</td>\n",
       "      <td>...</td>\n",
       "      <td>...</td>\n",
       "      <td>...</td>\n",
       "    </tr>\n",
       "    <tr>\n",
       "      <th>83</th>\n",
       "      <td>202324</td>\n",
       "      <td>36</td>\n",
       "      <td>32</td>\n",
       "      <td>0.671383</td>\n",
       "      <td>0.506653</td>\n",
       "      <td>13.615100</td>\n",
       "      <td>10.719988</td>\n",
       "      <td>5.996081</td>\n",
       "      <td>4.681511</td>\n",
       "      <td>6.105278</td>\n",
       "      <td>...</td>\n",
       "      <td>11.370943</td>\n",
       "      <td>11.912635</td>\n",
       "      <td>1.410986</td>\n",
       "      <td>1.746479</td>\n",
       "      <td>0.059338</td>\n",
       "      <td>0.084363</td>\n",
       "      <td>2024</td>\n",
       "      <td>5</td>\n",
       "      <td>4</td>\n",
       "      <td>1608</td>\n",
       "    </tr>\n",
       "    <tr>\n",
       "      <th>84</th>\n",
       "      <td>202324</td>\n",
       "      <td>25</td>\n",
       "      <td>17</td>\n",
       "      <td>0.671383</td>\n",
       "      <td>0.506653</td>\n",
       "      <td>13.615100</td>\n",
       "      <td>10.719988</td>\n",
       "      <td>5.996081</td>\n",
       "      <td>4.681511</td>\n",
       "      <td>6.105278</td>\n",
       "      <td>...</td>\n",
       "      <td>11.370943</td>\n",
       "      <td>11.912635</td>\n",
       "      <td>1.410986</td>\n",
       "      <td>1.746479</td>\n",
       "      <td>0.059338</td>\n",
       "      <td>0.084363</td>\n",
       "      <td>2024</td>\n",
       "      <td>5</td>\n",
       "      <td>4</td>\n",
       "      <td>1605</td>\n",
       "    </tr>\n",
       "    <tr>\n",
       "      <th>85</th>\n",
       "      <td>202324</td>\n",
       "      <td>10</td>\n",
       "      <td>30</td>\n",
       "      <td>0.500000</td>\n",
       "      <td>0.500000</td>\n",
       "      <td>13.500000</td>\n",
       "      <td>11.166667</td>\n",
       "      <td>4.000000</td>\n",
       "      <td>3.833333</td>\n",
       "      <td>6.166667</td>\n",
       "      <td>...</td>\n",
       "      <td>10.166667</td>\n",
       "      <td>11.000000</td>\n",
       "      <td>1.166667</td>\n",
       "      <td>0.833333</td>\n",
       "      <td>0.000000</td>\n",
       "      <td>0.000000</td>\n",
       "      <td>2024</td>\n",
       "      <td>5</td>\n",
       "      <td>4</td>\n",
       "      <td>339</td>\n",
       "    </tr>\n",
       "    <tr>\n",
       "      <th>86</th>\n",
       "      <td>202324</td>\n",
       "      <td>8</td>\n",
       "      <td>18</td>\n",
       "      <td>1.000000</td>\n",
       "      <td>1.000000</td>\n",
       "      <td>14.000000</td>\n",
       "      <td>9.000000</td>\n",
       "      <td>6.000000</td>\n",
       "      <td>5.000000</td>\n",
       "      <td>2.000000</td>\n",
       "      <td>...</td>\n",
       "      <td>12.000000</td>\n",
       "      <td>17.000000</td>\n",
       "      <td>0.000000</td>\n",
       "      <td>3.000000</td>\n",
       "      <td>0.000000</td>\n",
       "      <td>0.000000</td>\n",
       "      <td>2024</td>\n",
       "      <td>5</td>\n",
       "      <td>4</td>\n",
       "      <td>273</td>\n",
       "    </tr>\n",
       "    <tr>\n",
       "      <th>87</th>\n",
       "      <td>202324</td>\n",
       "      <td>24</td>\n",
       "      <td>41</td>\n",
       "      <td>0.739130</td>\n",
       "      <td>0.391304</td>\n",
       "      <td>15.217391</td>\n",
       "      <td>10.000000</td>\n",
       "      <td>6.869565</td>\n",
       "      <td>4.565217</td>\n",
       "      <td>6.956522</td>\n",
       "      <td>...</td>\n",
       "      <td>11.173913</td>\n",
       "      <td>11.086957</td>\n",
       "      <td>1.434783</td>\n",
       "      <td>1.913043</td>\n",
       "      <td>0.000000</td>\n",
       "      <td>0.043478</td>\n",
       "      <td>2024</td>\n",
       "      <td>5</td>\n",
       "      <td>4</td>\n",
       "      <td>823</td>\n",
       "    </tr>\n",
       "  </tbody>\n",
       "</table>\n",
       "<p>88 rows × 21 columns</p>\n",
       "</div>"
      ],
      "text/plain": [
       "    season  homeTeam  awayTeam  halfTimeGoals(homeTeam)  \\\n",
       "0   202324        27        17                 0.826087   \n",
       "1   202324         6        36                 0.000000   \n",
       "2   202324        15        25                 0.671383   \n",
       "3   202324        46        18                 0.714286   \n",
       "4   202324         0         8                 0.000000   \n",
       "..     ...       ...       ...                      ...   \n",
       "83  202324        36        32                 0.671383   \n",
       "84  202324        25        17                 0.671383   \n",
       "85  202324        10        30                 0.500000   \n",
       "86  202324         8        18                 1.000000   \n",
       "87  202324        24        41                 0.739130   \n",
       "\n",
       "    halfTimeGoals(awayTeam)  shots(homeTeam)  shots(awayTeam)  \\\n",
       "0                  0.260870        16.956522         9.000000   \n",
       "1                  0.000000        13.000000         8.000000   \n",
       "2                  0.506653        13.615100        10.719988   \n",
       "3                  0.000000        13.285714         8.571429   \n",
       "4                  0.000000        23.500000         7.500000   \n",
       "..                      ...              ...              ...   \n",
       "83                 0.506653        13.615100        10.719988   \n",
       "84                 0.506653        13.615100        10.719988   \n",
       "85                 0.500000        13.500000        11.166667   \n",
       "86                 1.000000        14.000000         9.000000   \n",
       "87                 0.391304        15.217391        10.000000   \n",
       "\n",
       "    shotsOnTarget(homeTeam)  shotsOnTarget(awayTeam)  corners(homeTeam)  ...  \\\n",
       "0                  7.826087                 3.826087           7.217391  ...   \n",
       "1                  3.000000                 3.000000           3.000000  ...   \n",
       "2                  5.996081                 4.681511           6.105278  ...   \n",
       "3                  5.142857                 3.142857           5.571429  ...   \n",
       "4                  7.500000                 2.000000          10.500000  ...   \n",
       "..                      ...                      ...                ...  ...   \n",
       "83                 5.996081                 4.681511           6.105278  ...   \n",
       "84                 5.996081                 4.681511           6.105278  ...   \n",
       "85                 4.000000                 3.833333           6.166667  ...   \n",
       "86                 6.000000                 5.000000           2.000000  ...   \n",
       "87                 6.869565                 4.565217           6.956522  ...   \n",
       "\n",
       "    fouls(homeTeam)  fouls(awayTeam)  yellowCards(homeTeam)  \\\n",
       "0         11.130435        11.217391               1.086957   \n",
       "1         10.000000        19.000000               2.000000   \n",
       "2         11.370943        11.912635               1.410986   \n",
       "3         11.571429        13.000000               1.571429   \n",
       "4          9.500000         7.000000               0.500000   \n",
       "..              ...              ...                    ...   \n",
       "83        11.370943        11.912635               1.410986   \n",
       "84        11.370943        11.912635               1.410986   \n",
       "85        10.166667        11.000000               1.166667   \n",
       "86        12.000000        17.000000               0.000000   \n",
       "87        11.173913        11.086957               1.434783   \n",
       "\n",
       "    yellowCards(awayTeam)  redCards(homeTeam)  redCards(awayTeam)  year  \\\n",
       "0                1.565217            0.000000            0.086957  2024   \n",
       "1                1.000000            0.000000            0.000000  2024   \n",
       "2                1.746479            0.059338            0.084363  2024   \n",
       "3                1.714286            0.000000            0.000000  2024   \n",
       "4                1.500000            0.000000            0.000000  2024   \n",
       "..                    ...                 ...                 ...   ...   \n",
       "83               1.746479            0.059338            0.084363  2024   \n",
       "84               1.746479            0.059338            0.084363  2024   \n",
       "85               0.833333            0.000000            0.000000  2024   \n",
       "86               3.000000            0.000000            0.000000  2024   \n",
       "87               1.913043            0.000000            0.043478  2024   \n",
       "\n",
       "    month  day  match  \n",
       "0       3    9    905  \n",
       "1       3    9    236  \n",
       "2       3    9   1602  \n",
       "3       3    9   1575  \n",
       "4       3    9      7  \n",
       "..    ...  ...    ...  \n",
       "83      5    4   1608  \n",
       "84      5    4   1605  \n",
       "85      5    4    339  \n",
       "86      5    4    273  \n",
       "87      5    4    823  \n",
       "\n",
       "[88 rows x 21 columns]"
      ]
     },
     "execution_count": 18,
     "metadata": {},
     "output_type": "execute_result"
    }
   ],
   "source": [
    "# 88 경기\n",
    "test_x"
   ]
  },
  {
   "cell_type": "code",
   "execution_count": null,
   "metadata": {},
   "outputs": [],
   "source": []
  }
 ],
 "metadata": {
  "kernelspec": {
   "display_name": "code_sim",
   "language": "python",
   "name": "python3"
  },
  "language_info": {
   "codemirror_mode": {
    "name": "ipython",
    "version": 3
   },
   "file_extension": ".py",
   "mimetype": "text/x-python",
   "name": "python",
   "nbconvert_exporter": "python",
   "pygments_lexer": "ipython3",
   "version": "3.9.18"
  }
 },
 "nbformat": 4,
 "nbformat_minor": 2
}
