{
 "cells": [
  {
   "cell_type": "code",
   "execution_count": 17,
   "metadata": {},
   "outputs": [],
   "source": [
    "import pandas as pd\n",
    "import numpy as np\n",
    "import random\n",
    "import os\n",
    "import lightgbm as lgb\n",
    "\n",
    "import statsmodels.api as sm\n",
    "from sklearn.linear_model import LogisticRegression\n",
    "from sklearn.metrics import log_loss\n",
    "\n",
    "import sys\n",
    "sys.path.append(\"..\")\n",
    "from utils import *\n",
    "from preprocessing_utils import *\n",
    "import warnings\n",
    "warnings.filterwarnings(\"ignore\")\n",
    "\n",
    "def seed_everything(seed):\n",
    "    random.seed(seed)\n",
    "    os.environ['PYTHONHASHSEED'] = str(seed)\n",
    "    np.random.seed(seed)\n",
    "\n",
    "seed_everything(42)"
   ]
  },
  {
   "cell_type": "code",
   "execution_count": 18,
   "metadata": {},
   "outputs": [
    {
     "name": "stderr",
     "output_type": "stream",
     "text": [
      "100%|██████████| 41/41 [00:00<00:00, 820.38it/s]\n",
      "100%|██████████| 47/47 [00:00<00:00, 864.16it/s]\n",
      "100%|██████████| 41/41 [00:00<00:00, 871.13it/s]\n",
      "100%|██████████| 47/47 [00:00<00:00, 851.03it/s]\n",
      "100%|██████████| 6/6 [00:00<00:00, 622.53it/s]\n",
      "100%|██████████| 47/47 [00:00<00:00, 881.76it/s]\n",
      "100%|██████████| 6/6 [00:00<00:00, 626.03it/s]\n",
      "100%|██████████| 47/47 [00:00<00:00, 875.06it/s]\n"
     ]
    }
   ],
   "source": [
    "big_6 = ['Man City', 'Arsenal', 'Liverpool', 'Aston Villa', 'Tottenham', 'Man United']\n",
    "train, valid = load_train_valid()\n",
    "train['big_6'] = train['homeTeam'].apply(lambda x: 1 if x in big_6 else 0)\n",
    "valid['big_6'] = valid['homeTeam'].apply(lambda x: 1 if x in big_6 else 0)\n",
    "\n",
    "valid.reset_index(drop= True, inplace= True)\n",
    "\n",
    "hometeam_list = list(train['homeTeam'].unique())\n",
    "dic = team_encoding(train)\n",
    "\n",
    "lec = LabelEncoder()\n",
    "lec.fit(train['result'])\n",
    "\n",
    "result_array = np.zeros((len(valid), 3))\n",
    "multi_logloss_sum = 0\n",
    "is_big6 = [0, 1]\n",
    "\n",
    "for idx in is_big6:\n",
    "    team_train = train[train['big_6'] == idx]\n",
    "    team_valid = valid[valid['big_6'] == idx]\n",
    "    valid_idx = team_valid.index.values\n",
    "    train_x, train_y, valid_x, valid_y  = preprocessing(team_train, team_valid, dic, is_test=False)\n",
    "    train_y = lec.transform(train_y)\n",
    "    valid_y = lec.transform(valid_y)\n",
    "\n",
    "    if len(valid_x) != 0:\n",
    "        model = LogisticRegression(max_iter=100, penalty='l2', C=1.0)\n",
    "        train_x.drop(columns='big_6', inplace=True)\n",
    "        valid_x.drop(columns='big_6', inplace=True)\n",
    "        model.fit(train_x, train_y) \n",
    "        prediction = model.predict_proba(valid_x)\n",
    "        result_array[valid_idx] = prediction\n",
    "\n",
    "    else:\n",
    "        continue"
   ]
  },
  {
   "cell_type": "code",
   "execution_count": 19,
   "metadata": {},
   "outputs": [
    {
     "data": {
      "text/plain": [
       "0.9390064475032408"
      ]
     },
     "execution_count": 19,
     "metadata": {},
     "output_type": "execute_result"
    }
   ],
   "source": [
    "multi_loloss = log_loss(valid['result'], result_array)\n",
    "multi_loloss"
   ]
  },
  {
   "cell_type": "code",
   "execution_count": 20,
   "metadata": {},
   "outputs": [
    {
     "name": "stderr",
     "output_type": "stream",
     "text": [
      "100%|██████████| 41/41 [00:00<00:00, 868.05it/s]\n",
      "100%|██████████| 47/47 [00:00<00:00, 854.49it/s]\n",
      "100%|██████████| 41/41 [00:00<00:00, 860.36it/s]\n",
      "100%|██████████| 47/47 [00:00<00:00, 840.21it/s]\n",
      "100%|██████████| 6/6 [00:00<00:00, 527.61it/s]\n",
      "100%|██████████| 47/47 [00:00<00:00, 763.52it/s]\n",
      "100%|██████████| 6/6 [00:00<00:00, 532.15it/s]\n",
      "100%|██████████| 47/47 [00:00<00:00, 753.14it/s]\n"
     ]
    }
   ],
   "source": [
    "big_6 = ['Man City', 'Arsenal', 'Liverpool', 'Aston Villa', 'Tottenham', 'Man United']\n",
    "train, test = load_train_test()\n",
    "train['big_6'] = train['homeTeam'].apply(lambda x: 1 if x in big_6 else 0)\n",
    "test['big_6'] = test['homeTeam'].apply(lambda x: 1 if x in big_6 else 0)\n",
    "test.reset_index(drop= True, inplace= True)\n",
    "\n",
    "hometeam_list = list(train['homeTeam'].unique())\n",
    "dic = team_encoding(train)\n",
    "\n",
    "lec = LabelEncoder()\n",
    "lec.fit(train['result'])\n",
    "\n",
    "result_array = np.zeros((len(test), 3))\n",
    "multi_logloss_sum = 0\n",
    "is_big6 = [0, 1]\n",
    "\n",
    "for idx in is_big6:\n",
    "    team_train = train[train['big_6'] == idx]\n",
    "    team_test = test[test['big_6'] == idx]\n",
    "    test_idx = team_test.index.values\n",
    "    train_x, train_y, test_x= preprocessing(team_train, team_test, dic, is_test=True)\n",
    "    train_y = lec.transform(train_y)\n",
    "\n",
    "    if len(test) != 0:\n",
    "        model = LogisticRegression(max_iter=100, penalty='l2', C=1.0)\n",
    "        model.fit(train_x, train_y) \n",
    "        prediction = model.predict_proba(test_x)\n",
    "        result_array[test_idx] = prediction\n",
    "\n",
    "    else:\n",
    "        continue\n",
    "\n",
    "sample_submission = pd.read_csv('/home/workspace/DACON/soccer/Data/sample_submission.csv')\n",
    "sample_submission.iloc[:,1:] = result_array\n",
    "sample_submission.to_csv('final.csv', index= False)"
   ]
  },
  {
   "cell_type": "code",
   "execution_count": 16,
   "metadata": {},
   "outputs": [
    {
     "ename": "NameError",
     "evalue": "name '제출본' is not defined",
     "output_type": "error",
     "traceback": [
      "\u001b[0;31m---------------------------------------------------------------------------\u001b[0m",
      "\u001b[0;31mNameError\u001b[0m                                 Traceback (most recent call last)",
      "Cell \u001b[0;32mIn[16], line 1\u001b[0m\n\u001b[0;32m----> 1\u001b[0m \u001b[43m제출본\u001b[49m\n",
      "\u001b[0;31mNameError\u001b[0m: name '제출본' is not defined"
     ]
    }
   ],
   "source": [
    "제출본"
   ]
  },
  {
   "cell_type": "code",
   "execution_count": 62,
   "metadata": {},
   "outputs": [
    {
     "name": "stderr",
     "output_type": "stream",
     "text": [
      "100%|██████████| 41/41 [00:00<00:00, 844.71it/s]\n",
      "100%|██████████| 47/47 [00:00<00:00, 825.67it/s]\n",
      "100%|██████████| 41/41 [00:00<00:00, 841.53it/s]\n",
      "100%|██████████| 47/47 [00:00<00:00, 818.46it/s]\n",
      "100%|██████████| 6/6 [00:00<00:00, 524.92it/s]\n",
      "100%|██████████| 47/47 [00:00<00:00, 743.39it/s]\n",
      "100%|██████████| 6/6 [00:00<00:00, 524.06it/s]\n",
      "100%|██████████| 47/47 [00:00<00:00, 736.37it/s]\n"
     ]
    }
   ],
   "source": [
    "a# 너무  잘게 쪼개니깐 성능이 부서짐\n",
    "big_6 = ['Man City', 'Arsenal', 'Liverpool', 'Aston Villa', 'Tottenham', 'Man United']\n",
    "train, valid = load_train_valid()\n",
    "train['big_6'] = train['homeTeam'].apply(lambda x: 1 if x in big_6 else 0)\n",
    "valid['big_6'] = valid['homeTeam'].apply(lambda x: 1 if x in big_6 else 0)\n",
    "\n",
    "valid.reset_index(drop= True, inplace= True)\n",
    "\n",
    "hometeam_list = list(train['homeTeam'].unique())\n",
    "dic = team_encoding(train)\n",
    "\n",
    "lec = LabelEncoder()\n",
    "lec.fit(train['result'])\n",
    "\n",
    "result_array = np.zeros((len(valid), 3))\n",
    "multi_logloss_sum = 0\n",
    "is_big6 = [0, 1]\n",
    "\n",
    "for idx in is_big6:\n",
    "    team_train = train[train['big_6'] == idx]\n",
    "    team_valid = valid[valid['big_6'] == idx]\n",
    "    valid_idx = team_valid.index.values\n",
    "    train_x, train_y, valid_x, valid_y  = preprocessing(team_train, team_valid, dic, is_test=False)\n",
    "    train_y = lec.transform(train_y)\n",
    "    valid_y = lec.transform(valid_y)\n",
    "\n",
    "    if len(valid_x) != 0:\n",
    "        lgbm = lgb.LGBMClassifier()\n",
    "        lgbm.fit(train_x, train_y, eval_metric='logloss')\n",
    "        prediction = model.predict_proba(valid_x)\n",
    "        result_array[valid_idx] = prediction\n",
    "\n",
    "    else:\n",
    "        continue"
   ]
  },
  {
   "cell_type": "code",
   "execution_count": 63,
   "metadata": {},
   "outputs": [
    {
     "data": {
      "text/plain": [
       "1.165661844744739"
      ]
     },
     "execution_count": 63,
     "metadata": {},
     "output_type": "execute_result"
    }
   ],
   "source": [
    "multi_loloss = log_loss(valid['result'], result_array)\n",
    "multi_loloss"
   ]
  },
  {
   "cell_type": "code",
   "execution_count": 10,
   "metadata": {},
   "outputs": [
    {
     "name": "stdout",
     "output_type": "stream",
     "text": [
      "       matchID  season        date          homeTeam          awayTeam  big_6\n",
      "0   MATCH_9008  202324  2024-03-09        Man United           Everton      1\n",
      "1   MATCH_9009  202324  2024-03-09       Bournemouth  Sheffield United      0\n",
      "2   MATCH_9010  202324  2024-03-09    Crystal Palace             Luton      0\n",
      "3   MATCH_9011  202324  2024-03-09            Wolves            Fulham      0\n",
      "4   MATCH_9012  202324  2024-03-09           Arsenal         Brentford      1\n",
      "..         ...     ...         ...               ...               ...    ...\n",
      "83  MATCH_9091  202324  2024-05-04  Sheffield United     Nott'm Forest      0\n",
      "84  MATCH_9092  202324  2024-05-04             Luton           Everton      0\n",
      "85  MATCH_9093  202324  2024-05-04           Burnley         Newcastle      0\n",
      "86  MATCH_9094  202324  2024-05-04         Brentford            Fulham      0\n",
      "87  MATCH_9095  202324  2024-05-04         Liverpool         Tottenham      1\n",
      "\n",
      "[88 rows x 6 columns]\n"
     ]
    },
    {
     "name": "stderr",
     "output_type": "stream",
     "text": [
      "100%|██████████| 41/41 [00:00<00:00, 891.50it/s]\n",
      "100%|██████████| 47/47 [00:00<00:00, 867.60it/s]\n",
      "100%|██████████| 41/41 [00:00<00:00, 868.05it/s]\n",
      "100%|██████████| 47/47 [00:00<00:00, 862.34it/s]\n",
      "100%|██████████| 6/6 [00:00<00:00, 568.80it/s]\n",
      "100%|██████████| 47/47 [00:00<00:00, 888.56it/s]\n",
      "100%|██████████| 6/6 [00:00<00:00, 614.22it/s]\n",
      "100%|██████████| 47/47 [00:00<00:00, 875.56it/s]\n"
     ]
    }
   ],
   "source": [
    "# 너무  잘게 쪼개니깐 성능이 부서짐\n",
    "big_6 = ['Man City', 'Arsenal', 'Liverpool', 'Aston Villa', 'Tottenham', 'Man United']\n",
    "train, test = load_train_test()\n",
    "train['big_6'] = train['homeTeam'].apply(lambda x: 1 if x in big_6 else 0)\n",
    "test['big_6'] = test['homeTeam'].apply(lambda x: 1 if x in big_6 else 0)\n",
    "test.reset_index(drop= True, inplace= True)\n",
    "\n",
    "hometeam_list = list(train['homeTeam'].unique())\n",
    "dic = team_encoding(train)\n",
    "\n",
    "lec = LabelEncoder()\n",
    "lec.fit(train['result'])\n",
    "\n",
    "result_array = np.zeros((len(test), 3))\n",
    "multi_logloss_sum = 0\n",
    "is_big6 = [0, 1]\n",
    "\n",
    "for idx in is_big6:\n",
    "    team_train = train[train['big_6'] == idx]\n",
    "    team_test = test[test['big_6'] == idx]\n",
    "    test_idx = team_test.index.values\n",
    "    train_x, train_y, test_x= preprocessing(team_train, team_test, dic, is_test=True)\n",
    "    train_y = lec.transform(train_y)\n",
    "\n",
    "    if len(test) != 0:\n",
    "        model = LogisticRegression(max_iter=100, penalty='l2', C=1.0)\n",
    "        model.fit(train_x, train_y) \n",
    "        prediction = model.predict_proba(test_x)\n",
    "        result_array[test_idx] = prediction\n",
    "\n",
    "    else:\n",
    "        continue\n",
    "\n",
    "sample_submission = pd.read_csv('/home/workspace/DACON/soccer/Data/sample_submission.csv')\n",
    "sample_submission.iloc[:,1:] = result_array\n",
    "sample_submission.to_csv('sample_submission_Category_bit_6.csv', index= False)"
   ]
  },
  {
   "cell_type": "code",
   "execution_count": 11,
   "metadata": {},
   "outputs": [
    {
     "data": {
      "text/plain": [
       "array([[0.20056047, 0.21977973, 0.57965979],\n",
       "       [0.15766662, 0.25114584, 0.59118754],\n",
       "       [0.09846571, 0.21537607, 0.68615822],\n",
       "       [0.36785697, 0.29155415, 0.34058888],\n",
       "       [0.04022417, 0.08098547, 0.87879036],\n",
       "       [0.29691604, 0.29460951, 0.40847445],\n",
       "       [0.08930581, 0.20818229, 0.7025119 ],\n",
       "       [0.17248469, 0.24755462, 0.57996069],\n",
       "       [0.2421341 , 0.26985507, 0.48801083],\n",
       "       [0.2408741 , 0.25448574, 0.50464016],\n",
       "       [0.13536916, 0.25051461, 0.61411623],\n",
       "       [0.14065375, 0.22985831, 0.62948794],\n",
       "       [0.26575888, 0.31043897, 0.42380215],\n",
       "       [0.34067963, 0.27218919, 0.38713118],\n",
       "       [0.34357291, 0.27936297, 0.37706413],\n",
       "       [0.31770942, 0.27713361, 0.40515696],\n",
       "       [0.43545551, 0.28074974, 0.28379475],\n",
       "       [0.11656762, 0.20893468, 0.6744977 ],\n",
       "       [0.41555643, 0.30849405, 0.27594952],\n",
       "       [0.47032369, 0.28769488, 0.24198143],\n",
       "       [0.0327996 , 0.05020307, 0.91699733],\n",
       "       [0.1599178 , 0.22401034, 0.61607186],\n",
       "       [0.55134814, 0.25910436, 0.1895475 ],\n",
       "       [0.0773354 , 0.1277994 , 0.7948652 ],\n",
       "       [0.2775784 , 0.30594469, 0.41647691],\n",
       "       [0.305151  , 0.26809645, 0.42675255],\n",
       "       [0.52648783, 0.27012719, 0.20338498],\n",
       "       [0.29587051, 0.2821008 , 0.42202869],\n",
       "       [0.25797079, 0.2695456 , 0.47248362],\n",
       "       [0.37993116, 0.27557363, 0.34449521],\n",
       "       [0.02955525, 0.04096561, 0.92947915],\n",
       "       [0.26997588, 0.28228951, 0.44773461],\n",
       "       [0.18795718, 0.21550085, 0.59654198],\n",
       "       [0.05935951, 0.09016446, 0.85047603],\n",
       "       [0.32729135, 0.26218342, 0.41052523],\n",
       "       [0.47131569, 0.26478574, 0.26389858],\n",
       "       [0.12844903, 0.21392315, 0.65762781],\n",
       "       [0.3539258 , 0.31122519, 0.334849  ],\n",
       "       [0.329914  , 0.26986604, 0.40021996],\n",
       "       [0.39662883, 0.28227651, 0.32109466],\n",
       "       [0.07065397, 0.10655413, 0.8227919 ],\n",
       "       [0.49619179, 0.26433655, 0.23947166],\n",
       "       [0.28753677, 0.26373437, 0.44872886],\n",
       "       [0.56780294, 0.25876043, 0.17343663],\n",
       "       [0.05175016, 0.06373999, 0.88450985],\n",
       "       [0.35089979, 0.2711535 , 0.37794671],\n",
       "       [0.25952476, 0.29850176, 0.44197349],\n",
       "       [0.34010876, 0.30639242, 0.35349882],\n",
       "       [0.03160272, 0.04506673, 0.92333055],\n",
       "       [0.19103161, 0.25495374, 0.55401464],\n",
       "       [0.53133836, 0.25832553, 0.21033611],\n",
       "       [0.30917309, 0.27925824, 0.41156867],\n",
       "       [0.11481681, 0.16615295, 0.71903024],\n",
       "       [0.16947183, 0.25785429, 0.57267389],\n",
       "       [0.24553488, 0.25463878, 0.49982634],\n",
       "       [0.30768275, 0.31609135, 0.3762259 ],\n",
       "       [0.31398037, 0.29960632, 0.38641331],\n",
       "       [0.51624528, 0.2707615 , 0.21299322],\n",
       "       [0.07707962, 0.17759877, 0.74532162],\n",
       "       [0.09630649, 0.14873556, 0.75495796],\n",
       "       [0.37205341, 0.28011257, 0.34783402],\n",
       "       [0.43309028, 0.26758461, 0.2993251 ],\n",
       "       [0.27304219, 0.33388442, 0.39307339],\n",
       "       [0.20932874, 0.28323491, 0.50743635],\n",
       "       [0.40062622, 0.27291973, 0.32645405],\n",
       "       [0.38263365, 0.28076449, 0.33660186],\n",
       "       [0.05727911, 0.08696977, 0.85575112],\n",
       "       [0.53391965, 0.25877783, 0.20730252],\n",
       "       [0.47437074, 0.27001893, 0.25561033],\n",
       "       [0.24070546, 0.266379  , 0.49291554],\n",
       "       [0.11948361, 0.22175721, 0.65875918],\n",
       "       [0.11178689, 0.23211637, 0.65609675],\n",
       "       [0.07919551, 0.12130943, 0.79949506],\n",
       "       [0.11513574, 0.21009706, 0.6747672 ],\n",
       "       [0.32075006, 0.33298413, 0.34626581],\n",
       "       [0.24612676, 0.27708737, 0.47678587],\n",
       "       [0.29328118, 0.28427754, 0.42244129],\n",
       "       [0.69814603, 0.20936503, 0.09248893],\n",
       "       [0.20773165, 0.24247051, 0.54979785],\n",
       "       [0.10922383, 0.13726119, 0.75351498],\n",
       "       [0.3610569 , 0.28785135, 0.35109175],\n",
       "       [0.46671215, 0.26631726, 0.26697059],\n",
       "       [0.07390462, 0.12347537, 0.80262001],\n",
       "       [0.19244105, 0.27714687, 0.53041208],\n",
       "       [0.59244237, 0.26129426, 0.14626336],\n",
       "       [0.38307473, 0.27709764, 0.33982763],\n",
       "       [0.39484414, 0.28642012, 0.31873573],\n",
       "       [0.23115493, 0.24864707, 0.520198  ]])"
      ]
     },
     "execution_count": 11,
     "metadata": {},
     "output_type": "execute_result"
    }
   ],
   "source": [
    "result_array"
   ]
  },
  {
   "cell_type": "code",
   "execution_count": 58,
   "metadata": {},
   "outputs": [],
   "source": [
    "train, valid = load_train_valid()\n",
    "\n",
    "homeTeam = list(train['homeTeam'].unique())\n",
    "awayTeam = list(train['awayTeam'].unique())\n",
    "homeWindic = {}\n",
    "awayWindic = {}\n",
    "totalWindic = {}\n",
    "for team in homeTeam:\n",
    "    homeWindic[team] = 0\n",
    "    awayWindic[team] = 0\n",
    "    totalWindic[team] = 0\n",
    "\n",
    "home_idx = train[train['result'] == 'H'].index\n",
    "away_idx = train[train['result'] == 'A'].index\n",
    "\n",
    "for idx in home_idx:\n",
    "    team = train.loc[idx]['homeTeam']\n",
    "    homeWindic[team] = homeWindic[team]+1\n",
    "\n",
    "for idx in away_idx:\n",
    "    team = train.loc[idx]['awayTeam']\n",
    "    awayWindic[team] = awayWindic[team]+1\n",
    "\n",
    "for team, value in homeWindic.items():\n",
    "    totalWindic[team] = homeWindic[team] + awayWindic[team]\n",
    "\n",
    "sorted_team = sorted(totalWindic.items(), key=lambda item: item[1])\n",
    "\n",
    "range_400_500 = []\n",
    "range_180_400 = []\n",
    "range_100_180 =[]\n",
    "range_50_100 =[]\n",
    "others =[]\n",
    "for series in sorted_team:\n",
    "    n = series[1]\n",
    "    if n > 400:\n",
    "        range_400_500.append(series[0])\n",
    "    elif n>180 and n<400 :\n",
    "        range_180_400.append(series[0])\n",
    "    elif n>100 and n<180:\n",
    "        range_100_180.append(series[0])\n",
    "    elif n>50 and n<100:\n",
    "        range_50_100.append(series[0])\n",
    "    else:\n",
    "        others.append(series[0])\n",
    "\n",
    "def team_category(team):\n",
    "    if team in range_400_500:\n",
    "        return 0\n",
    "    elif team in range_180_400:\n",
    "        return 1\n",
    "    elif team in range_100_180:\n",
    "        return 2\n",
    "    elif team in range_50_100:\n",
    "        return 3\n",
    "    elif team in others:\n",
    "        return 4"
   ]
  },
  {
   "cell_type": "code",
   "execution_count": 82,
   "metadata": {},
   "outputs": [],
   "source": [
    "params_lgb = {'reg_alpha': 2.1245096608103405e-05, 'reg_lambda': 0.0018526142807772773, 'max_depth': 20, 'num_leaves': 214, 'colsample_bytree': 0.5274034664069657, 'subsample': 0.42727747704497043, 'subsample_freq': 2, 'min_child_samples': 34, 'max_bin': 357}"
   ]
  },
  {
   "cell_type": "code",
   "execution_count": 90,
   "metadata": {},
   "outputs": [
    {
     "name": "stdout",
     "output_type": "stream",
     "text": [
      "2656\n"
     ]
    },
    {
     "name": "stderr",
     "output_type": "stream",
     "text": [
      "100%|██████████| 6/6 [00:00<00:00, 615.02it/s]\n",
      "100%|██████████| 47/47 [00:00<00:00, 887.30it/s]\n",
      "100%|██████████| 6/6 [00:00<00:00, 634.70it/s]\n",
      "100%|██████████| 47/47 [00:00<00:00, 872.04it/s]\n"
     ]
    },
    {
     "name": "stdout",
     "output_type": "stream",
     "text": [
      "2250\n"
     ]
    },
    {
     "name": "stderr",
     "output_type": "stream",
     "text": [
      "100%|██████████| 6/6 [00:00<00:00, 532.60it/s]\n",
      "100%|██████████| 47/47 [00:00<00:00, 755.98it/s]\n",
      "100%|██████████| 6/6 [00:00<00:00, 534.43it/s]\n",
      "100%|██████████| 47/47 [00:00<00:00, 749.97it/s]\n"
     ]
    },
    {
     "name": "stdout",
     "output_type": "stream",
     "text": [
      "1747\n"
     ]
    },
    {
     "name": "stderr",
     "output_type": "stream",
     "text": [
      "100%|██████████| 8/8 [00:00<00:00, 637.24it/s]\n",
      "100%|██████████| 46/46 [00:00<00:00, 759.71it/s]\n",
      "100%|██████████| 8/8 [00:00<00:00, 628.49it/s]\n",
      "100%|██████████| 46/46 [00:00<00:00, 751.38it/s]\n"
     ]
    },
    {
     "name": "stdout",
     "output_type": "stream",
     "text": [
      "1661\n"
     ]
    },
    {
     "name": "stderr",
     "output_type": "stream",
     "text": [
      "100%|██████████| 12/12 [00:00<00:00, 692.27it/s]\n",
      "100%|██████████| 47/47 [00:00<00:00, 759.93it/s]\n",
      "100%|██████████| 12/12 [00:00<00:00, 694.65it/s]\n",
      "100%|██████████| 47/47 [00:00<00:00, 749.04it/s]\n"
     ]
    },
    {
     "name": "stdout",
     "output_type": "stream",
     "text": [
      "606\n"
     ]
    },
    {
     "name": "stderr",
     "output_type": "stream",
     "text": [
      "100%|██████████| 15/15 [00:00<00:00, 730.81it/s]\n",
      "100%|██████████| 45/45 [00:00<00:00, 760.67it/s]\n",
      "100%|██████████| 15/15 [00:00<00:00, 732.59it/s]\n",
      "100%|██████████| 45/45 [00:00<00:00, 749.92it/s]\n"
     ]
    }
   ],
   "source": [
    "train, valid = load_train_valid()\n",
    "train['teamCategory'] = train['homeTeam'].apply(team_category)\n",
    "valid['teamCategory'] = valid['homeTeam'].apply(team_category)\n",
    "valid.reset_index(drop= True, inplace= True)\n",
    "\n",
    "hometeam_list = list(train['homeTeam'].unique())\n",
    "dic = team_encoding(train)\n",
    "\n",
    "lec = LabelEncoder()\n",
    "lec.fit(train['result'])\n",
    "\n",
    "result_array = np.zeros((len(valid), 3))\n",
    "multi_logloss_sum = 0\n",
    "teamCategory = [0, 1, 2, 3, 4]\n",
    "\n",
    "for idx in teamCategory:\n",
    "    team_train = train[train['teamCategory'] == idx]\n",
    "    print(len(team_train))\n",
    "    team_valid = valid[valid['teamCategory'] == idx]\n",
    "    valid_idx = team_valid.index.values\n",
    "    train_x, train_y, valid_x, valid_y = preprocessing(team_train, team_valid, dic, is_test=False)\n",
    "    train_y = lec.transform(train_y)\n",
    "    valid_y = lec.transform(valid_y)\n",
    "\n",
    "    if len(valid_x) != 0:\n",
    "        lgbm = lgb.LGBMClassifier(**params_lgb)\n",
    "\n",
    "        # model = LogisticRegression(max_iter=70, penalty='l2', C=1.0)\n",
    "        train_x.drop(columns='teamCategory', inplace=True)\n",
    "        valid_x.drop(columns='teamCategory', inplace=True)\n",
    "        \n",
    "        lgbm.fit(train_x, train_y, eval_metric='logloss')\n",
    "        prediction_lgbm = lgbm.predict_proba(valid_x)\n",
    "        \n",
    "        # model.fit(train_x, train_y) \n",
    "        # prediction = model.predict_proba(valid_x)\n",
    "        \n",
    "        result_array[valid_idx] = prediction_lgbm\n",
    "        # result_array[valid_idx] = prediction\n",
    "    else:\n",
    "        continue"
   ]
  },
  {
   "cell_type": "code",
   "execution_count": 87,
   "metadata": {},
   "outputs": [
    {
     "data": {
      "text/plain": [
       "array([[0.10083285, 0.22839522, 0.67077193],\n",
       "       [0.56257691, 0.22914973, 0.20827336],\n",
       "       [0.15920953, 0.20646963, 0.63432085],\n",
       "       [0.35824053, 0.32459149, 0.31716798],\n",
       "       [0.08894275, 0.19070814, 0.72034911],\n",
       "       [0.45344807, 0.2873504 , 0.25920153],\n",
       "       [0.48447659, 0.25698598, 0.25853743],\n",
       "       [0.12738475, 0.28322209, 0.58939316],\n",
       "       [0.53533375, 0.23900209, 0.22566416],\n",
       "       [0.19830823, 0.26839132, 0.53330046],\n",
       "       [0.15983922, 0.27803248, 0.5621283 ],\n",
       "       [0.05890423, 0.08190409, 0.85919168],\n",
       "       [0.49208634, 0.28388755, 0.22402611],\n",
       "       [0.68427297, 0.19305001, 0.12267702],\n",
       "       [0.47582705, 0.28445913, 0.23971381],\n",
       "       [0.07285152, 0.08125195, 0.84589653],\n",
       "       [0.14956529, 0.22594513, 0.62448958],\n",
       "       [0.15089085, 0.1954403 , 0.65366886],\n",
       "       [0.06879174, 0.25682502, 0.67438324],\n",
       "       [0.13270828, 0.25022519, 0.61706653],\n",
       "       [0.42058204, 0.26497139, 0.31444657],\n",
       "       [0.32990696, 0.28117852, 0.38891452],\n",
       "       [0.20865802, 0.21255467, 0.57878731],\n",
       "       [0.09263559, 0.2134008 , 0.6939636 ],\n",
       "       [0.12511794, 0.28851437, 0.58636769],\n",
       "       [0.47008274, 0.22116518, 0.30875208],\n",
       "       [0.5425569 , 0.2446464 , 0.21279669],\n",
       "       [0.2773285 , 0.30448684, 0.41818466],\n",
       "       [0.58876467, 0.22915244, 0.18208288],\n",
       "       [0.39003364, 0.28500854, 0.32495782],\n",
       "       [0.2353786 , 0.27350592, 0.49111548],\n",
       "       [0.16111435, 0.28324152, 0.55564412],\n",
       "       [0.38379367, 0.29735299, 0.31885334],\n",
       "       [0.08219666, 0.1262952 , 0.79150815],\n",
       "       [0.05867623, 0.065123  , 0.87620077],\n",
       "       [0.1874219 , 0.31328293, 0.49929517],\n",
       "       [0.14406561, 0.19432997, 0.66160442],\n",
       "       [0.55472701, 0.21524998, 0.23002301],\n",
       "       [0.38685035, 0.27087192, 0.34227774],\n",
       "       [0.21134416, 0.34784924, 0.4408066 ],\n",
       "       [0.34147111, 0.32828793, 0.33024097],\n",
       "       [0.05909223, 0.1278231 , 0.81308467],\n",
       "       [0.39343681, 0.21866856, 0.38789464],\n",
       "       [0.08648212, 0.30210059, 0.6114173 ],\n",
       "       [0.08871802, 0.1530455 , 0.75823648],\n",
       "       [0.17786865, 0.17899998, 0.64313137],\n",
       "       [0.19260102, 0.35744425, 0.44995473],\n",
       "       [0.55097798, 0.23403468, 0.21498734],\n",
       "       [0.1770878 , 0.23266571, 0.59024649],\n",
       "       [0.17854774, 0.2280312 , 0.59342106],\n",
       "       [0.06386776, 0.1165289 , 0.81960334],\n",
       "       [0.16651252, 0.22892548, 0.604562  ],\n",
       "       [0.09174448, 0.0870723 , 0.82118322],\n",
       "       [0.16501833, 0.2146475 , 0.62033417],\n",
       "       [0.51564044, 0.22145042, 0.26290914],\n",
       "       [0.47364898, 0.25301781, 0.27333321],\n",
       "       [0.48842378, 0.27325885, 0.23831737],\n",
       "       [0.47357026, 0.26671702, 0.25971271],\n",
       "       [0.5977683 , 0.23221075, 0.17002096],\n",
       "       [0.53236327, 0.2524239 , 0.21521283],\n",
       "       [0.33210619, 0.27528301, 0.3926108 ],\n",
       "       [0.16317582, 0.21925492, 0.61756926],\n",
       "       [0.48429204, 0.24316005, 0.27254791],\n",
       "       [0.13184364, 0.11418277, 0.75397359],\n",
       "       [0.21670939, 0.28008657, 0.50320403],\n",
       "       [0.22757687, 0.23894285, 0.53348028],\n",
       "       [0.55592932, 0.21296546, 0.23110522],\n",
       "       [0.2455283 , 0.26642049, 0.48805121],\n",
       "       [0.0450644 , 0.06986531, 0.88507029],\n",
       "       [0.03497665, 0.03270823, 0.93231512],\n",
       "       [0.10181042, 0.2020806 , 0.69610897],\n",
       "       [0.43528267, 0.2778702 , 0.28684713],\n",
       "       [0.2237281 , 0.29184377, 0.48442812],\n",
       "       [0.15010465, 0.18514401, 0.66475134],\n",
       "       [0.54378704, 0.23934862, 0.21686434],\n",
       "       [0.1291968 , 0.30014627, 0.57065693],\n",
       "       [0.19066199, 0.26626528, 0.54307272],\n",
       "       [0.10955153, 0.18496752, 0.70548094],\n",
       "       [0.51380532, 0.23986107, 0.24633361],\n",
       "       [0.34185354, 0.26677585, 0.39137061],\n",
       "       [0.15792953, 0.21433552, 0.62773495],\n",
       "       [0.21757099, 0.22897751, 0.5534515 ],\n",
       "       [0.54030257, 0.20691365, 0.25278378],\n",
       "       [0.13888346, 0.12507116, 0.73604538],\n",
       "       [0.40288388, 0.22300202, 0.3741141 ],\n",
       "       [0.14613402, 0.32369071, 0.53017527],\n",
       "       [0.23381003, 0.27865893, 0.48753104],\n",
       "       [0.5302538 , 0.19587189, 0.27387431]])"
      ]
     },
     "execution_count": 87,
     "metadata": {},
     "output_type": "execute_result"
    }
   ],
   "source": [
    "result_array"
   ]
  },
  {
   "cell_type": "code",
   "execution_count": 100,
   "metadata": {},
   "outputs": [
    {
     "data": {
      "text/plain": [
       "array([[2.96698279e-01, 1.84708936e-01, 5.18592785e-01],\n",
       "       [7.32017878e-01, 1.48595378e-01, 1.19386744e-01],\n",
       "       [1.34300541e-01, 1.19812454e-01, 7.45887005e-01],\n",
       "       [1.08919783e-01, 5.90148844e-01, 3.00931373e-01],\n",
       "       [1.83245524e-01, 4.50600892e-01, 3.66153585e-01],\n",
       "       [8.51199314e-01, 8.99007046e-02, 5.88999817e-02],\n",
       "       [9.71278704e-01, 1.68931695e-02, 1.18281270e-02],\n",
       "       [4.60541934e-03, 4.95228328e-03, 9.90442297e-01],\n",
       "       [3.36035334e-01, 2.29012215e-01, 4.34952451e-01],\n",
       "       [8.79913964e-02, 3.25401679e-02, 8.79468436e-01],\n",
       "       [1.06561883e-01, 8.66321378e-01, 2.71167391e-02],\n",
       "       [1.17136212e-03, 1.88292047e-01, 8.10536591e-01],\n",
       "       [1.38066449e-01, 1.21785567e-01, 7.40147984e-01],\n",
       "       [9.14631906e-01, 6.50560196e-02, 2.03120743e-02],\n",
       "       [4.84098322e-01, 1.89928218e-01, 3.25973460e-01],\n",
       "       [5.68664595e-01, 1.73474628e-01, 2.57860776e-01],\n",
       "       [4.46329323e-04, 1.50554997e-01, 8.48998674e-01],\n",
       "       [9.15172399e-02, 6.20020894e-01, 2.88461866e-01],\n",
       "       [1.45418122e-01, 7.12080649e-01, 1.42501229e-01],\n",
       "       [3.30225533e-03, 2.91123862e-01, 7.05573883e-01],\n",
       "       [6.65504559e-01, 1.13110671e-01, 2.21384771e-01],\n",
       "       [1.75531794e-01, 2.50247033e-01, 5.74221173e-01],\n",
       "       [2.82250645e-03, 2.57533381e-01, 7.39644112e-01],\n",
       "       [7.72564953e-03, 2.19828061e-02, 9.70291544e-01],\n",
       "       [5.89806017e-02, 2.72109986e-01, 6.68909412e-01],\n",
       "       [5.64070029e-02, 1.40462717e-01, 8.03130280e-01],\n",
       "       [4.29956400e-01, 1.72517145e-01, 3.97526455e-01],\n",
       "       [1.08412639e-01, 5.97335471e-01, 2.94251891e-01],\n",
       "       [3.17632456e-01, 2.42066387e-01, 4.40301156e-01],\n",
       "       [1.18793624e-01, 1.10683413e-01, 7.70522962e-01],\n",
       "       [2.93632091e-01, 1.45904328e-01, 5.60463581e-01],\n",
       "       [8.17635690e-02, 3.01923463e-01, 6.16312968e-01],\n",
       "       [2.42228869e-01, 2.97715309e-01, 4.60055822e-01],\n",
       "       [5.05434392e-03, 3.18125229e-01, 6.76820427e-01],\n",
       "       [5.59107429e-01, 6.01196535e-02, 3.80772917e-01],\n",
       "       [2.46887504e-02, 5.05274212e-01, 4.70037037e-01],\n",
       "       [2.09547993e-01, 3.10170857e-01, 4.80281150e-01],\n",
       "       [2.98617417e-01, 3.08368450e-01, 3.93014133e-01],\n",
       "       [4.12042467e-02, 4.67818123e-01, 4.90977630e-01],\n",
       "       [8.08830299e-01, 1.51943580e-01, 3.92261209e-02],\n",
       "       [3.62645130e-01, 4.79278643e-01, 1.58076226e-01],\n",
       "       [7.92145820e-02, 3.89316304e-02, 8.81853788e-01],\n",
       "       [1.51226152e-01, 2.99211572e-01, 5.49562277e-01],\n",
       "       [5.95217740e-03, 4.99037060e-02, 9.44144117e-01],\n",
       "       [1.69039939e-03, 3.91710301e-01, 6.06599299e-01],\n",
       "       [5.83432625e-02, 1.46492581e-01, 7.95164156e-01],\n",
       "       [9.03302988e-04, 1.20157926e-02, 9.87080904e-01],\n",
       "       [6.27721098e-01, 1.23964827e-01, 2.48314075e-01],\n",
       "       [1.80099072e-03, 4.08079661e-01, 5.90119348e-01],\n",
       "       [4.85772807e-01, 1.67394771e-01, 3.46832422e-01],\n",
       "       [1.69296697e-03, 5.83883136e-01, 4.14423897e-01],\n",
       "       [1.08136904e-01, 1.03466537e-01, 7.88396559e-01],\n",
       "       [7.85388912e-01, 6.83624449e-02, 1.46248643e-01],\n",
       "       [2.20171168e-02, 7.96523384e-02, 8.98330545e-01],\n",
       "       [6.80572454e-01, 1.77390450e-01, 1.42037095e-01],\n",
       "       [5.40624809e-01, 2.71733352e-01, 1.87641840e-01],\n",
       "       [2.49056497e-01, 5.04635588e-02, 7.00479945e-01],\n",
       "       [8.70366922e-01, 1.08121936e-01, 2.15111419e-02],\n",
       "       [1.44814685e-01, 2.67270754e-01, 5.87914561e-01],\n",
       "       [8.45249787e-01, 6.33432499e-02, 9.14069629e-02],\n",
       "       [7.33031102e-02, 1.33007149e-01, 7.93689741e-01],\n",
       "       [2.80631103e-02, 2.37847065e-02, 9.48152183e-01],\n",
       "       [3.87968129e-02, 4.04877724e-01, 5.56325463e-01],\n",
       "       [6.13640114e-03, 2.64989172e-01, 7.28874427e-01],\n",
       "       [4.28185736e-01, 4.09738419e-01, 1.62075845e-01],\n",
       "       [6.24164382e-01, 7.39910953e-02, 3.01844523e-01],\n",
       "       [6.43942730e-01, 1.38228865e-01, 2.17828405e-01],\n",
       "       [3.69481152e-02, 7.64813533e-02, 8.86570532e-01],\n",
       "       [8.41426435e-01, 9.93568090e-02, 5.92167563e-02],\n",
       "       [2.86839427e-03, 1.53955100e-02, 9.81736096e-01],\n",
       "       [5.19184186e-02, 5.80752531e-02, 8.90006328e-01],\n",
       "       [3.78171135e-01, 4.68427964e-01, 1.53400901e-01],\n",
       "       [1.13631997e-01, 8.18979705e-01, 6.73882986e-02],\n",
       "       [8.99758852e-04, 1.09394566e-01, 8.89705675e-01],\n",
       "       [8.95276908e-01, 3.04664239e-02, 7.42566681e-02],\n",
       "       [1.66778484e-04, 2.03440155e-03, 9.97798820e-01],\n",
       "       [8.53901577e-02, 5.53888187e-01, 3.60721656e-01],\n",
       "       [8.45332532e-01, 5.29499658e-02, 1.01717502e-01],\n",
       "       [4.90201884e-01, 2.14464030e-01, 2.95334087e-01],\n",
       "       [4.58323677e-02, 1.74505183e-01, 7.79662449e-01],\n",
       "       [2.21510964e-01, 4.71735047e-01, 3.06753989e-01],\n",
       "       [1.31808704e-01, 1.79507657e-01, 6.88683638e-01],\n",
       "       [2.11972141e-01, 6.13153478e-01, 1.74874381e-01],\n",
       "       [1.67464548e-01, 6.07538178e-02, 7.71781634e-01],\n",
       "       [9.91169982e-02, 2.44818684e-01, 6.56064318e-01],\n",
       "       [4.06585993e-02, 5.61530576e-01, 3.97810825e-01],\n",
       "       [1.93504239e-02, 4.57327943e-01, 5.23321633e-01],\n",
       "       [6.50529783e-01, 1.17351151e-01, 2.32119065e-01]])"
      ]
     },
     "execution_count": 100,
     "metadata": {},
     "output_type": "execute_result"
    }
   ],
   "source": [
    "result_array"
   ]
  },
  {
   "cell_type": "code",
   "execution_count": 85,
   "metadata": {},
   "outputs": [
    {
     "data": {
      "text/plain": [
       "1.4560613332368428"
      ]
     },
     "execution_count": 85,
     "metadata": {},
     "output_type": "execute_result"
    }
   ],
   "source": [
    "multi_loloss = log_loss(valid['result'], result_array)\n",
    "multi_loloss"
   ]
  },
  {
   "cell_type": "code",
   "execution_count": null,
   "metadata": {},
   "outputs": [],
   "source": [
    "# 너무  잘게 쪼개니깐 성능이 부서짐\n",
    "big_6 = ['Man City', 'Arsenal', 'Liverpool', 'Aston Villa', 'Tottenham', 'Man United']\n",
    "train, test = load_train_test()\n",
    "train['big_6'] = train['homeTeam'].apply(lambda x: 1 if x in big_6 else 0)\n",
    "test['big_6'] = test['homeTeam'].apply(lambda x: 1 if x in big_6 else 0)\n",
    "test.reset_index(drop= True, inplace= True)\n",
    "\n",
    "hometeam_list = list(train['homeTeam'].unique())\n",
    "dic = team_encoding(train)\n",
    "\n",
    "lec = LabelEncoder()\n",
    "lec.fit(train['result'])\n",
    "\n",
    "result_array = np.zeros((len(test), 3))\n",
    "multi_logloss_sum = 0\n",
    "is_big6 = [0, 1]\n",
    "\n",
    "for idx in is_big6:\n",
    "    team_train = train[train['big_6'] == idx]\n",
    "    team_test = test[test['big_6'] == idx]\n",
    "    test_idx = team_test.index.values\n",
    "    train_x, train_y, test_x= preprocessing(team_train, team_test, dic, is_test=True)\n",
    "    train_y = lec.transform(train_y)\n",
    "\n",
    "    if len(test) != 0:\n",
    "        model = LogisticRegression(max_iter=100, penalty='l2', C=1.0)\n",
    "        model.fit(train_x, train_y) \n",
    "        prediction = model.predict_proba(test_x)\n",
    "        result_array[test_idx] = prediction\n",
    "\n",
    "    else:\n",
    "        continue\n",
    "\n",
    "sample_submission = pd.read_csv('/home/workspace/DACON/soccer/Data/sample_submission.csv')\n",
    "sample_submission.iloc[:,1:] = result_array\n",
    "sample_submission.to_csv('sample_submission_Category_bit_6.csv', index= False)"
   ]
  },
  {
   "cell_type": "code",
   "execution_count": 77,
   "metadata": {},
   "outputs": [
    {
     "name": "stderr",
     "output_type": "stream",
     "text": [
      "  0%|          | 0/6 [00:00<?, ?it/s]"
     ]
    },
    {
     "name": "stderr",
     "output_type": "stream",
     "text": [
      "100%|██████████| 6/6 [00:00<00:00, 578.38it/s]\n",
      "100%|██████████| 47/47 [00:00<00:00, 882.58it/s]\n",
      "100%|██████████| 6/6 [00:00<00:00, 627.42it/s]\n",
      "100%|██████████| 47/47 [00:00<00:00, 856.48it/s]\n",
      "100%|██████████| 6/6 [00:00<00:00, 626.83it/s]\n",
      "100%|██████████| 47/47 [00:00<00:00, 876.96it/s]\n",
      "100%|██████████| 6/6 [00:00<00:00, 627.67it/s]\n",
      "100%|██████████| 47/47 [00:00<00:00, 847.63it/s]\n",
      "100%|██████████| 8/8 [00:00<00:00, 741.31it/s]\n",
      "100%|██████████| 46/46 [00:00<00:00, 878.30it/s]\n",
      "100%|██████████| 8/8 [00:00<00:00, 719.94it/s]\n",
      "100%|██████████| 46/46 [00:00<00:00, 867.07it/s]\n",
      "100%|██████████| 12/12 [00:00<00:00, 804.14it/s]\n",
      "100%|██████████| 47/47 [00:00<00:00, 872.96it/s]\n",
      "100%|██████████| 12/12 [00:00<00:00, 795.82it/s]\n",
      "100%|██████████| 47/47 [00:00<00:00, 854.82it/s]\n",
      "100%|██████████| 15/15 [00:00<00:00, 843.42it/s]\n",
      "100%|██████████| 45/45 [00:00<00:00, 862.13it/s]\n",
      "100%|██████████| 15/15 [00:00<00:00, 817.74it/s]\n",
      "100%|██████████| 45/45 [00:00<00:00, 807.39it/s]\n"
     ]
    }
   ],
   "source": [
    "train, test = load_train_test()\n",
    "train['teamCategory'] = train['homeTeam'].apply(team_category)\n",
    "test['teamCategory'] = test['homeTeam'].apply(team_category)\n",
    "test.reset_index(drop= True, inplace= True)\n",
    "\n",
    "hometeam_list = list(train['homeTeam'].unique())\n",
    "dic = team_encoding(train)\n",
    "\n",
    "lec = LabelEncoder()\n",
    "lec.fit(train['result'])\n",
    "\n",
    "result_array = np.zeros((len(valid), 3))\n",
    "multi_logloss_sum = 0\n",
    "teamCategory = [0, 1, 2, 3, 4]\n",
    "\n",
    "for idx in teamCategory:\n",
    "    team_train = train[train['teamCategory'] == idx]\n",
